from sage.all import*

def remove_duplicates(list1, list2):
    
    set1 = {frozenset(pair) for pair in list1}
    set2 = {frozenset(pair) for pair in list2}
    
    filtered_set2 = set2 - set1
    
    return [tuple(pair) for pair in filtered_set2]

list1 = [
    ((0, 0, 1), (1/2*sqrt(2), 1, 0)),
    ((-1/2*sqrt(2), 1, 1/2*sqrt(2)), (1/2*sqrt(2), 1, -1/2*sqrt(2))),
    ((0, 1, 0), (1/2*sqrt(2), 0, 1)),
    ((-1, 1, 0), (-1/2*sqrt(2), -1/2*sqrt(2), 1)),
    ((0, 1, 1/2*sqrt(2)), (1, 0, 0)),
    ((-1/2*sqrt(2), 1, 1/2*sqrt(2)), (1, 0, 1)),
    ((-1/2*sqrt(2), 1, -1/2*sqrt(2)), (1/2*sqrt(2), 1, 1/2*sqrt(2))),
    ((0, 0, 1), (1, 1/2*sqrt(2), 0)),
    ((0, 0, 1), (1, 0, 0)),
    ((1/2*sqrt(2), 1, 0), (1, -1/2*sqrt(2), 0)),
    ((1, -1/2*sqrt(2), 1/2*sqrt(2)), (1, 1/2*sqrt(2), -1/2*sqrt(2))),
    ((0, 1/2*sqrt(2), 1), (0, 1, -1/2*sqrt(2))),
    ((0, 1, 0), (1, 0, 1/2*sqrt(2))),
    ((-1/2*sqrt(2), 1/2*sqrt(2), 1), (1, 1, 0)),
    ((-1, 1, 0), (1/2*sqrt(2), 1/2*sqrt(2), 1)),
    ((1/2*sqrt(2), -1/2*sqrt(2), 1), (1, 1, 0)),
    ((-1, 0, 1), (1, 0, 1)),
    ((0, -1, 1), (1, -1/2*sqrt(2), -1/2*sqrt(2))),
    ((-1/2*sqrt(2), 1/2*sqrt(2), 1), (1/2*sqrt(2), -1/2*sqrt(2), 1)),
    ((-1, 1, 0), (1, 1, 0)),
    ((0, -1, 1), (0, 1, 1)),
    ((0, -1, 1), (1, 1/2*sqrt(2), 1/2*sqrt(2))),
    ((-1/2*sqrt(2), -1/2*sqrt(2), 1), (1/2*sqrt(2), 1/2*sqrt(2), 1)),
    ((0, 0, 1), (1, -1/2*sqrt(2), 0)),
    ((-1/2*sqrt(2), 1, 0), (0, 0, 1)),
    ((1/2*sqrt(2), 0, 1), (1, 0, -1/2*sqrt(2))),
    ((-1/2*sqrt(2), 0, 1), (0, 1, 0)),
    ((0, 1, -1/2*sqrt(2)), (1, 0, 0)),
    ((0, 1, 0), (1, 0, 0)),
    ((0, -1/2*sqrt(2), 1), (1, 0, 0)),
    ((0, 0, 1), (0, 1, 0)),
    ((-1, 0, 1), (-1/2*sqrt(2), 1, -1/2*sqrt(2))),
    ((1/2*sqrt(2), 1, -1/2*sqrt(2)), (1, 0, 1)),
    ((0, 1, 1), (1, 1/2*sqrt(2), -1/2*sqrt(2))),
    ((0, 0, 1), (1, 1, 0)),
    ((-1/2*sqrt(2), 1, 0), (1, 1/2*sqrt(2), 0)),
    ((-1, 0, 1), (1/2*sqrt(2), 1, 1/2*sqrt(2))),
    ((0, 1, 0), (1, 0, 1)),
    ((0, 1, 1), (1, 0, 0)),
    ((-1/2*sqrt(2), 0, 1), (1, 0, 1/2*sqrt(2))),
    ((-1, 0, 1), (0, 1, 0)),
    ((-1, 1, 0), (0, 0, 1)),
    ((0, 1, 1), (1, -1/2*sqrt(2), 1/2*sqrt(2))),
    ((0, -1, 1), (1, 0, 0)),
    ((0, -1/2*sqrt(2), 1), (0, 1, 1/2*sqrt(2))),
    ((0, 1, 0), (1, 0, -1/2*sqrt(2))),
    ((0, 1/2*sqrt(2), 1), (1, 0, 0)),
    ((1, -1/2*sqrt(2), -1/2*sqrt(2)), (1, 1/2*sqrt(2), 1/2*sqrt(2)))
]


list2 = [
    ((1, 0, 1), (-1, 0, 1)),
    ((1, 0, 1), (0, 1, 0)),
    ((1, 0, 1), (-1/2*sqrt(2), 1, 1/2*sqrt(2))),
    ((1, 0, 1), (1/2*sqrt(2), 1, -1/2*sqrt(2))),
    ((1, 1, 0), (0, 0, 1)),
    ((1, 1, 0), (1/2*sqrt(2), -1/2*sqrt(2), 1)),
    ((1, 1, 0), (-1/2*sqrt(2), 1/2*sqrt(2), 1)),
    ((1, 1, 0), (-1, 1, 0)),
    ((1, -1/2*sqrt(2), -1/2*sqrt(2)), (1, 1/2*sqrt(2), 1/2*sqrt(2))),
    ((1, -1/2*sqrt(2), -1/2*sqrt(2)), (0, -1, 1)),
    ((1, -1/2*sqrt(2), -1/2*sqrt(2)), (1/2*sqrt(2), 0, 1)),
    ((1, -1/2*sqrt(2), -1/2*sqrt(2)), (1/2*sqrt(2), 1, 0)),
    ((1, 1/2*sqrt(2), -1/2*sqrt(2)), (1, -1/2*sqrt(2), 1/2*sqrt(2))),
    ((1, 1/2*sqrt(2), -1/2*sqrt(2)), (0, 1, 1)),
    ((1, 1/2*sqrt(2), -1/2*sqrt(2)), (1/2*sqrt(2), 0, 1)),
    ((1, 1/2*sqrt(2), -1/2*sqrt(2)), (-1/2*sqrt(2), 1, 0)),
    ((1, -1/2*sqrt(2), 1/2*sqrt(2)), (0, 1, 1)),
    ((1, -1/2*sqrt(2), 1/2*sqrt(2)), (-1/2*sqrt(2), 0, 1)),
    ((1, -1/2*sqrt(2), 1/2*sqrt(2)), (1/2*sqrt(2), 1, 0)),
    ((1, 1/2*sqrt(2), 1/2*sqrt(2)), (0, -1, 1)),
    ((1, 1/2*sqrt(2), 1/2*sqrt(2)), (-1/2*sqrt(2), 0, 1)),
    ((1, 1/2*sqrt(2), 1/2*sqrt(2)), (-1/2*sqrt(2), 1, 0)),
    ((1, -1/2*sqrt(2), 0), (0, 0, 1)),
    ((1, -1/2*sqrt(2), 0), (1/2*sqrt(2), 1, 0)),
    ((1, -1/2*sqrt(2), 0), (1/2*sqrt(2), 1, 1/2*sqrt(2))),
    ((1, -1/2*sqrt(2), 0), (1/2*sqrt(2), 1, -1/2*sqrt(2))),
    ((1, 1/2*sqrt(2), 0), (0, 0, 1)),
    ((1, 1/2*sqrt(2), 0), (-1/2*sqrt(2), 1, 0)),
    ((1, 1/2*sqrt(2), 0), (-1/2*sqrt(2), 1, 1/2*sqrt(2))),
    ((1, 1/2*sqrt(2), 0), (-1/2*sqrt(2), 1, -1/2*sqrt(2))),
    ((1, 0, 0), (0, -1, 1)),
    ((1, 0, 0), (0, 1, 1)),
    ((1, 0, 0), (0, 0, 1)),
    ((1, 0, 0), (0, -1/2*sqrt(2), 1)),
    ((1, 0, 0), (0, 1/2*sqrt(2), 1)),
    ((1, 0, 0), (0, 1, 0)),
    ((1, 0, 0), (0, 1, -1/2*sqrt(2))),
    ((1, 0, 0), (0, 1, 1/2*sqrt(2))),
    ((1, 0, -1/2*sqrt(2)), (1/2*sqrt(2), 0, 1)),
    ((1, 0, -1/2*sqrt(2)), (1/2*sqrt(2), -1/2*sqrt(2), 1)),
    ((1, 0, -1/2*sqrt(2)), (1/2*sqrt(2), 1/2*sqrt(2), 1)),
    ((1, 0, -1/2*sqrt(2)), (0, 1, 0)),
    ((1, 0, 1/2*sqrt(2)), (-1/2*sqrt(2), 0, 1)),
    ((1, 0, 1/2*sqrt(2)), (-1/2*sqrt(2), -1/2*sqrt(2), 1)),
    ((1, 0, 1/2*sqrt(2)), (-1/2*sqrt(2), 1/2*sqrt(2), 1)),
    ((1, 0, 1/2*sqrt(2)), (0, 1, 0)),
    ((-1, 0, 1), (0, 1, 0)),
    ((-1, 0, 1), (-1/2*sqrt(2), 1, -1/2*sqrt(2))),
    ((-1, 0, 1), (1/2*sqrt(2), 1, 1/2*sqrt(2))),
    ((0, -1, 1), (0, 1, 1)),
    ((-1/2*sqrt(2), 0, 1), (0, 1, 0)),
    ((1/2*sqrt(2), 0, 1), (0, 1, 0)),
    ((0, 0, 1), (-1, 1, 0)),
    ((0, 0, 1), (-1/2*sqrt(2), 1, 0)),
    ((0, 0, 1), (1/2*sqrt(2), 1, 0)),
    ((0, 0, 1), (0, 1, 0)),
    ((0, -1/2*sqrt(2), 1), (-1/2*sqrt(2), 1, 1/2*sqrt(2))),
    ((0, -1/2*sqrt(2), 1), (1/2*sqrt(2), 1, 1/2*sqrt(2))),
    ((0, -1/2*sqrt(2), 1), (0, 1, 1/2*sqrt(2))),
    ((0, 1/2*sqrt(2), 1), (-1/2*sqrt(2), 1, -1/2*sqrt(2))),
    ((0, 1/2*sqrt(2), 1), (1/2*sqrt(2), 1, -1/2*sqrt(2))),
    ((0, 1/2*sqrt(2), 1), (0, 1, -1/2*sqrt(2))),
    ((-1/2*sqrt(2), -1/2*sqrt(2), 1), (1/2*sqrt(2), 1/2*sqrt(2), 1)),
    ((-1/2*sqrt(2), -1/2*sqrt(2), 1), (-1, 1, 0)),
    ((-1/2*sqrt(2), -1/2*sqrt(2), 1), (0, 1, 1/2*sqrt(2))),
    ((1/2*sqrt(2), -1/2*sqrt(2), 1), (-1/2*sqrt(2), 1/2*sqrt(2), 1)),
    ((1/2*sqrt(2), -1/2*sqrt(2), 1), (0, 1, 1/2*sqrt(2))),
    ((-1/2*sqrt(2), 1/2*sqrt(2), 1), (0, 1, -1/2*sqrt(2))),
    ((1/2*sqrt(2), 1/2*sqrt(2), 1), (-1, 1, 0)),
    ((1/2*sqrt(2), 1/2*sqrt(2), 1), (0, 1, -1/2*sqrt(2))),
    ((-1/2*sqrt(2), 1, 1/2*sqrt(2)), (1/2*sqrt(2), 1, -1/2*sqrt(2))),
    ((-1/2*sqrt(2), 1, -1/2*sqrt(2)), (1/2*sqrt(2), 1, 1/2*sqrt(2)))
]

unique_list1 = set(frozenset(pair) for pair in list1)
unique_list2 = set(frozenset(pair) for pair in list2)

filtered_list2 = remove_duplicates(unique_list1, unique_list2)

numbered_list = {i +1: pair for i, pair in enumerate(filtered_list2)}

print(numbered_list)
